44.0,12.0,33.0,0.0,0.0
12.0,42.0,33.0,43.86342439892262,2.0
12.0,72.0,33.0,43.86342439892262,0.0
76.0,12.0,33.0,131.59027319676784,2.0
108.0,12.0,33.0,131.59027319676784,0.0
12.0,102.0,33.0,263.1805463935357,2.0
12.0,132.0,33.0,263.1805463935357,0.0
141.0,12.0,33.0,439.3651087138479,2.0
173.0,12.0,33.0,439.3651087138479,0.0
12.0,162.0,33.0,659.4128308106694,2.0
12.0,192.0,33.0,659.4128308106694,0.0
205.0,12.0,33.0,923.3238006470899,2.0
237.0,12.0,33.0,923.3238006470899,0.0
12.0,222.0,33.0,1231.0980685773377,2.0
12.0,252.0,33.0,1231.0980685773377,0.0
270.0,12.0,33.0,1583.4671932179622,2.0
302.0,12.0,33.0,1583.4671932179622,0.0
12.0,282.0,33.0,1979.699448341141,2.0
12.0,312.0,33.0,1979.699448341141,0.0
334.0,12.0,33.0,2419.794892534784,2.0
366.0,12.0,33.0,2419.794892534784,0.0
12.0,342.0,33.0,2903.753568456603,2.0
12.0,372.0,33.0,2903.753568456603,0.0
399.0,12.0,33.0,3432.3072554175396,2.0
431.0,12.0,33.0,3432.3072554175396,0.0
12.0,403.0,33.0,4005.4058507743944,2.0
12.0,433.0,33.0,4005.4058507743944,0.0
463.0,12.0,33.0,4622.367762078487,2.0
488.0,18.0,33.0,4622.367762078487,0.0
12.0,463.0,33.0,5273.9819117100005,2.0
17.0,488.0,33.0,5273.9819117100005,0.0
488.0,49.0,33.0,5917.846804369943,2.0
488.0,79.0,33.0,5917.846804369943,0.0
49.0,488.0,33.0,6517.848471034295,2.0
81.0,488.0,33.0,6517.848471034295,0.0
488.0,109.0,33.0,7073.986942999685,2.0
488.0,139.0,33.0,7073.986942999685,0.0
114.0,488.0,33.0,7585.530685019857,2.0
146.0,488.0,33.0,7585.530685019857,0.0
488.0,169.0,33.0,8053.211131478761,2.0
488.0,199.0,33.0,8053.211131478761,0.0
178.0,488.0,33.0,8477.028309044748,2.0
210.0,488.0,33.0,8477.028309044748,0.0
488.0,229.0,33.0,8856.982253622245,2.0
488.0,259.0,33.0,8856.982253622245,0.0
243.0,488.0,33.0,9192.341762209671,2.0
275.0,488.0,33.0,9192.341762209671,0.0
488.0,289.0,33.0,9483.837902835923,2.0
488.0,319.0,33.0,9483.837902835923,0.0
307.0,488.0,33.0,9731.47069549473,2.0
339.0,488.0,33.0,9731.47069549473,0.0
488.0,349.0,33.0,9935.240173091352,2.0
488.0,379.0,33.0,9935.240173091352,0.0
372.0,488.0,33.0,10094.416176307917,2.0
404.0,488.0,33.0,10094.416176307917,0.0
488.0,410.0,33.0,10209.046015355174,2.0
488.0,440.0,33.0,10209.046015355174,0.0
436.0,488.0,33.0,10279.81323940699,2.0
468.0,488.0,33.0,10279.81323940699,0.0
488.0,470.0,33.0,10306.720487501138,1.0
17.0,12.0,41.0,10306.720487501138,0.0
12.0,89.0,41.0,10383.882654396579,2.0
12.0,404.0,41.0,10383.882654396579,0.0
39.0,12.0,41.0,10776.811401117915,2.0
61.0,12.0,41.0,10776.811401117915,0.0
28.0,488.0,41.0,11253.953937473667,2.0
50.0,488.0,41.0,11253.953937473667,0.0
83.0,12.0,41.0,11731.096473829419,2.0
105.0,12.0,41.0,11731.096473829419,0.0
72.0,488.0,41.0,12208.23901018517,2.0
94.0,488.0,41.0,12208.23901018517,0.0
127.0,12.0,41.0,12685.381546540922,2.0
150.0,12.0,41.0,12685.381546540922,0.0
116.0,488.0,41.0,13162.594287359942,2.0
138.0,488.0,41.0,13162.594287359942,0.0
172.0,12.0,41.0,13639.80702817896,2.0
194.0,12.0,41.0,13639.80702817896,0.0
160.0,488.0,41.0,14117.01976899798,2.0
182.0,488.0,41.0,14117.01976899798,0.0
216.0,12.0,41.0,14594.232509816999,2.0
238.0,12.0,41.0,14594.232509816999,0.0
204.0,488.0,41.0,15071.445250636018,2.0
226.0,488.0,41.0,15071.445250636018,0.0
260.0,12.0,41.0,15548.657991455037,2.0
282.0,12.0,41.0,15548.657991455037,0.0
249.0,488.0,41.0,16025.800527810788,2.0
271.0,488.0,41.0,16025.800527810788,0.0
304.0,12.0,41.0,16502.94306416654,2.0
326.0,12.0,41.0,16502.94306416654,0.0
293.0,488.0,41.0,16980.08560052229,2.0
315.0,488.0,41.0,16980.08560052229,0.0
348.0,12.0,41.0,17457.22813687804,2.0
370.0,12.0,41.0,17457.22813687804,0.0
337.0,488.0,41.0,17934.37067323379,2.0
359.0,488.0,41.0,17934.37067323379,0.0
392.0,12.0,41.0,18411.51320958954,2.0
414.0,12.0,41.0,18411.51320958954,0.0
381.0,488.0,41.0,18888.65574594529,2.0
403.0,488.0,41.0,18888.65574594529,0.0
436.0,12.0,41.0,19365.79828230104,2.0
458.0,12.0,41.0,19365.79828230104,0.0
425.0,488.0,41.0,19842.94081865679,2.0
447.0,488.0,41.0,19842.94081865679,0.0
480.0,12.0,41.0,20320.08335501254,2.0
488.0,214.0,41.0,20320.08335501254,0.0
469.0,488.0,41.0,20594.741324130497,1.0
12.0,456.0,49.0,20594.741324130497,0.0
38.0,488.0,49.0,20635.972380386673,2.0
66.0,488.0,49.0,20635.972380386673,0.0
12.0,421.0,49.0,20722.024690059337,2.0
12.0,386.0,49.0,20722.024690059337,0.0
94.0,488.0,49.0,20852.8986752512,2.0
123.0,488.0,49.0,20852.8986752512,0.0
12.0,351.0,49.0,21029.22224145833,2.0
12.0,316.0,49.0,21029.22224145833,0.0
151.0,488.0,49.0,21250.366990435105,2.0
179.0,488.0,49.0,21250.366990435105,0.0
12.0,281.0,49.0,21516.333153696523,2.0
12.0,246.0,49.0,21516.333153696523,0.0
208.0,488.0,49.0,21827.749274024292,2.0
236.0,488.0,49.0,21827.749274024292,0.0
12.0,211.0,49.0,22183.986554498977,2.0
12.0,177.0,49.0,22183.986554498977,0.0
264.0,488.0,49.0,22584.267705691487,2.0
293.0,488.0,49.0,22584.267705691487,0.0
12.0,142.0,49.0,23029.999687940912,2.0
12.0,107.0,49.0,23029.999687940912,0.0
321.0,488.0,49.0,23520.55243739809,2.0
349.0,488.0,49.0,23520.55243739809,0.0
12.0,72.0,49.0,24055.926138657316,2.0
12.0,37.0,49.0,24055.926138657316,0.0
377.0,488.0,49.0,24636.12093353228,2.0
406.0,488.0,49.0,24636.12093353228,0.0
20.0,12.0,49.0,25248.96022731165,2.0
48.0,12.0,49.0,25248.96022731165,0.0
434.0,488.0,49.0,25861.799521091023,2.0
462.0,488.0,49.0,25861.799521091023,0.0
77.0,12.0,49.0,26474.009452405437,2.0
105.0,12.0,49.0,26474.009452405437,0.0
488.0,485.0,49.0,27082.62920233145,2.0
488.0,450.0,49.0,27082.62920233145,0.0
133.0,12.0,49.0,27646.427925281405,2.0
162.0,12.0,49.0,27646.427925281405,0.0
488.0,415.0,49.0,28164.776263756605,2.0
488.0,380.0,49.0,28164.776263756605,0.0
190.0,12.0,49.0,28638.303454105797,2.0
218.0,12.0,49.0,28638.303454105797,0.0
488.0,345.0,49.0,29067.009647203122,2.0
488.0,310.0,49.0,29067.009647203122,0.0
246.0,12.0,49.0,29450.89504676919,2.0
275.0,12.0,49.0,29450.89504676919,0.0
488.0,275.0,49.0,29789.329678566824,2.0
488.0,240.0,49.0,29789.329678566824,0.0
303.0,12.0,49.0,30082.943370345663,2.0
331.0,12.0,49.0,30082.943370345663,0.0
488.0,205.0,49.0,30331.736457066334,2.0
488.0,171.0,49.0,30331.736457066334,0.0
360.0,12.0,49.0,30535.856519774534,2.0
388.0,12.0,49.0,30535.856519774534,0.0
488.0,136.0,49.0,30695.15498178845,2.0
488.0,101.0,49.0,30695.15498178845,0.0
416.0,12.0,49.0,30809.632053728645,2.0
445.0,12.0,49.0,30809.632053728645,0.0
488.0,66.0,49.0,30878.661033150333,2.0
488.0,31.0,49.0,30878.661033150333,0.0
473.0,12.0,49.0,30902.868470024154,1.0
12.0,468.0,57.0,30902.868470024154,0.0
157.0,488.0,57.0,31049.2412817072,2.0
315.0,488.0,57.0,31049.2412817072,0.0
12.0,446.0,57.0,31355.13832320973,2.0
12.0,423.0,57.0,31355.13832320973,0.0
473.0,488.0,57.0,31820.698201206105,2.0
488.0,468.0,57.0,31820.698201206105,0.0
12.0,401.0,57.0,32301.390410421107,2.0
12.0,379.0,57.0,32301.390410421107,0.0
488.0,446.0,57.0,32782.08261963611,2.0
488.0,424.0,57.0,32782.08261963611,0.0
12.0,357.0,57.0,33262.774828851114,2.0
12.0,335.0,57.0,33262.774828851114,0.0
488.0,401.0,57.0,33743.328675990015,2.0
488.0,379.0,57.0,33743.328675990015,0.0
12.0,312.0,57.0,34224.02088520502,2.0
12.0,290.0,57.0,34224.02088520502,0.0
488.0,357.0,57.0,34704.713094420025,2.0
488.0,335.0,57.0,34704.713094420025,0.0
12.0,268.0,57.0,35185.40530363503,2.0
12.0,246.0,57.0,35185.40530363503,0.0
488.0,313.0,57.0,35666.097512850036,2.0
488.0,290.0,57.0,35666.097512850036,0.0
12.0,223.0,57.0,36146.78972206504,2.0
12.0,201.0,57.0,36146.78972206504,0.0
488.0,268.0,57.0,36627.48193128005,2.0
488.0,246.0,57.0,36627.48193128005,0.0
12.0,179.0,57.0,37108.17414049505,2.0
12.0,157.0,57.0,37108.17414049505,0.0
488.0,224.0,57.0,37588.86634971006,2.0
488.0,202.0,57.0,37588.86634971006,0.0
12.0,135.0,57.0,38069.55855892506,2.0
12.0,112.0,57.0,38069.55855892506,0.0
488.0,179.0,57.0,38550.25076814007,2.0
488.0,157.0,57.0,38550.25076814007,0.0
12.0,90.0,57.0,39030.94297735507,2.0
12.0,68.0,57.0,39030.94297735507,0.0
488.0,135.0,57.0,39511.63518657008,2.0
488.0,113.0,57.0,39511.63518657008,0.0
12.0,46.0,57.0,39992.32739578508,2.0
12.0,24.0,57.0,39992.32739578508,0.0
488.0,90.0,57.0,40472.881242923984,2.0
488.0,68.0,57.0,40472.881242923984,0.0
87.0,12.0,57.0,40877.77258637307,2.0
245.0,12.0,57.0,40877.77258637307,0.0
488.0,46.0,57.0,41123.13965832853,2.0
488.0,24.0,57.0,41123.13965832853,0.0
403.0,12.0,57.0,41208.98253805655,1.0
41.0,12.0,65.0,41208.98253805655,0.0
12.0,32.0,65.0,41244.21036796417,2.0
12.0,59.0,65.0,41244.21036796417,0.0
80.0,12.0,65.0,41326.8723301959,2.0
118.0,12.0,65.0,41326.8723301959,0.0
12.0,86.0,65.0,41456.147231085444,2.0
12.0,113.0,65.0,41456.147231085444,0.0
156.0,12.0,65.0,41632.03640073497,2.0
195.0,12.0,65.0,41632.03640073497,0.0
12.0,140.0,65.0,41855.35903729472,2.0
12.0,167.0,65.0,41855.35903729472,0.0
233.0,12.0,65.0,42125.29606698869,2.0
271.0,12.0,65.0,42125.29606698869,0.0
12.0,194.0,65.0,42441.847800517346,2.0
12.0,220.0,65.0,42441.847800517346,0.0
310.0,12.0,65.0,42805.25941287997,2.0
348.0,12.0,65.0,42805.25941287997,0.0
12.0,247.0,65.0,43215.28502183629,2.0
12.0,274.0,65.0,43215.28502183629,0.0
386.0,12.0,65.0,43671.92492372836,2.0
425.0,12.0,65.0,43671.92492372836,0.0
12.0,301.0,65.0,44175.9983310809,2.0
12.0,328.0,65.0,44175.9983310809,0.0
463.0,12.0,65.0,44726.68608289675,2.0
488.0,21.0,65.0,44726.68608289675,0.0
12.0,355.0,65.0,45308.177269416374,2.0
12.0,382.0,65.0,45308.177269416374,0.0
488.0,48.0,65.0,45889.668455936,2.0
488.0,75.0,65.0,45889.668455936,0.0
12.0,408.0,65.0,46470.585833882295,2.0
12.0,435.0,65.0,46470.585833882295,0.0
488.0,102.0,65.0,47051.50321182859,2.0
488.0,129.0,65.0,47051.50321182859,0.0
12.0,462.0,65.0,47632.42058977488,2.0
13.0,488.0,65.0,47632.42058977488,0.0
488.0,155.0,65.0,48212.518857312374,2.0
488.0,182.0,65.0,48212.518857312374,0.0
51.0,488.0,65.0,48746.002690244546,2.0
90.0,488.0,65.0,48746.002690244546,0.0
488.0,209.0,65.0,49232.05309915292,2.0
488.0,236.0,65.0,49232.05309915292,0.0
128.0,488.0,65.0,49671.489101319334,2.0
166.0,488.0,65.0,49671.489101319334,0.0
488.0,263.0,65.0,50064.31094388922,2.0
488.0,290.0,65.0,50064.31094388922,0.0
205.0,488.0,65.0,50409.6991312958,2.0
243.0,488.0,65.0,50409.6991312958,0.0
488.0,317.0,65.0,50708.473293498624,2.0
488.0,343.0,65.0,50708.473293498624,0.0
281.0,488.0,65.0,50961.206354256414,2.0
320.0,488.0,65.0,50961.206354256414,0.0
488.0,370.0,65.0,51166.50613506487,2.0
488.0,397.0,65.0,51166.50613506487,0.0
358.0,488.0,65.0,51325.19135806941,2.0
396.0,488.0,65.0,51325.19135806941,0.0
488.0,424.0,65.0,51437.26276387838,2.0
488.0,451.0,65.0,51437.26276387838,0.0
435.0,488.0,65.0,51501.90021432315,2.0
473.0,488.0,65.0,51501.90021432315,0.0
488.0,478.0,65.0,51519.92797070047,1.0
24.0,12.0,73.0,51519.92797070047,0.0
12.0,68.0,73.0,51577.19925495357,2.0
12.0,174.0,73.0,51577.19925495357,0.0
46.0,12.0,73.0,51742.72870852604,2.0
69.0,12.0,73.0,51742.72870852604,0.0
12.0,279.0,73.0,52015.74519154492,2.0
12.0,385.0,73.0,52015.74519154492,0.0
91.0,12.0,73.0,52397.019371106035,2.0
114.0,12.0,73.0,52397.019371106035,0.0
12.0,488.0,73.0,52883.82528725743,2.0
35.0,488.0,73.0,52883.82528725743,0.0
136.0,12.0,73.0,53370.42265675299,2.0
159.0,12.0,73.0,53370.42265675299,0.0
57.0,488.0,73.0,53857.22857290439,2.0
80.0,488.0,73.0,53857.22857290439,0.0
181.0,12.0,73.0,54343.82594239995,2.0
204.0,12.0,73.0,54343.82594239995,0.0
102.0,488.0,73.0,54830.63185855134,2.0
125.0,488.0,73.0,54830.63185855134,0.0
226.0,12.0,73.0,55317.229228046905,2.0
249.0,12.0,73.0,55317.229228046905,0.0
147.0,488.0,73.0,55804.0351441983,2.0
170.0,488.0,73.0,55804.0351441983,0.0
271.0,12.0,73.0,56290.63251369386,2.0
294.0,12.0,73.0,56290.63251369386,0.0
192.0,488.0,73.0,56777.43842984526,2.0
215.0,488.0,73.0,56777.43842984526,0.0
316.0,12.0,73.0,57264.03579934082,2.0
339.0,12.0,73.0,57264.03579934082,0.0
237.0,488.0,73.0,57750.84171549221,2.0
260.0,488.0,73.0,57750.84171549221,0.0
361.0,12.0,73.0,58237.439084987775,2.0
384.0,12.0,73.0,58237.439084987775,0.0
282.0,488.0,73.0,58724.24500113917,2.0
305.0,488.0,73.0,58724.24500113917,0.0
406.0,12.0,73.0,59210.84237063473,2.0
429.0,12.0,73.0,59210.84237063473,0.0
327.0,488.0,73.0,59697.64828678613,2.0
350.0,488.0,73.0,59697.64828678613,0.0
451.0,12.0,73.0,60184.24565628169,2.0
474.0,12.0,73.0,60184.24565628169,0.0
372.0,488.0,73.0,60671.05157243308,2.0
395.0,488.0,73.0,60671.05157243308,0.0
488.0,49.0,73.0,61119.79426039579,2.0
488.0,154.0,73.0,61119.79426039579,0.0
417.0,488.0,73.0,61461.25728914122,2.0
440.0,488.0,73.0,61461.25728914122,0.0
488.0,260.0,73.0,61694.25514320859,2.0
488.0,366.0,73.0,61694.25514320859,0.0
462.0,488.0,73.0,61818.99487224469,2.0
485.0,488.0,73.0,61818.99487224469,0.0
488.0,472.0,73.0,61835.27369284079,1.0
12.0,465.0,81.0,61835.27369284079,0.0
26.0,488.0,81.0,61862.19951687646,2.0
51.0,488.0,81.0,61862.19951687646,0.0
12.0,422.0,81.0,61938.861110911545,2.0
12.0,379.0,81.0,61938.861110911545,0.0
77.0,488.0,81.0,62065.77052742585,2.0
103.0,488.0,81.0,62065.77052742585,0.0
12.0,337.0,81.0,62242.07140660687,2.0
12.0,294.0,81.0,62242.07140660687,0.0
128.0,488.0,81.0,62468.10680206519,2.0
154.0,488.0,81.0,62468.10680206519,0.0
12.0,251.0,81.0,62744.39107595714,2.0
12.0,209.0,81.0,62744.39107595714,0.0
180.0,488.0,81.0,63070.06729553726,2.0
205.0,488.0,81.0,63070.06729553726,0.0
12.0,166.0,81.0,63445.477737587025,2.0
12.0,123.0,81.0,63445.477737587025,0.0
231.0,488.0,81.0,63871.13722591073,2.0
257.0,488.0,81.0,63871.13722591073,0.0
12.0,80.0,81.0,64347.04583058184,2.0
12.0,38.0,81.0,64347.04583058184,0.0
282.0,488.0,81.0,64871.831501117915,2.0
308.0,488.0,81.0,64871.831501117915,0.0
22.0,12.0,81.0,65427.14402573806,2.0
48.0,12.0,81.0,65427.14402573806,0.0
334.0,488.0,81.0,65982.45655035821,2.0
359.0,488.0,81.0,65982.45655035821,0.0
73.0,12.0,81.0,66537.76907497837,2.0
99.0,12.0,81.0,66537.76907497837,0.0
385.0,488.0,81.0,67093.08159959852,2.0
411.0,488.0,81.0,67093.08159959852,0.0
125.0,12.0,81.0,67648.39412421867,2.0
150.0,12.0,81.0,67648.39412421867,0.0
436.0,488.0,81.0,68203.70664883882,2.0
462.0,488.0,81.0,68203.70664883882,0.0
176.0,12.0,81.0,68759.01917345898,2.0
202.0,12.0,81.0,68759.01917345898,0.0
488.0,488.0,81.0,69314.33169807913,2.0
488.0,446.0,81.0,69314.33169807913,0.0
227.0,12.0,81.0,69820.76728134713,2.0
253.0,12.0,81.0,69820.76728134713,0.0
488.0,403.0,81.0,70276.95364677248,2.0
488.0,361.0,81.0,70276.95364677248,0.0
279.0,12.0,81.0,70683.74843533301,2.0
304.0,12.0,81.0,70683.74843533301,0.0
488.0,318.0,81.0,71040.80865434375,2.0
488.0,275.0,81.0,71040.80865434375,0.0
330.0,12.0,81.0,71347.6196710951,2.0
356.0,12.0,81.0,71347.6196710951,0.0
488.0,233.0,81.0,71605.03956154648,2.0
488.0,190.0,81.0,71605.03956154648,0.0
381.0,12.0,81.0,71812.72441896271,2.0
407.0,12.0,81.0,71812.72441896271,0.0
488.0,147.0,81.0,71970.16012012353,2.0
488.0,104.0,81.0,71970.16012012353,0.0
433.0,12.0,81.0,72077.34687303638,2.0
458.0,12.0,81.0,72077.34687303638,0.0
488.0,62.0,81.0,72135.65639198484,2.0
488.0,19.0,81.0,72135.65639198484,0.0
484.0,12.0,81.0,72143.71864973314,1.0
12.0,486.0,89.0,72143.71864973314,0.0
18.0,488.0,89.0,72150.04320505347,2.0
98.0,488.0,89.0,72150.04320505347,0.0
12.0,463.0,89.0,72239.6032407837,2.0
12.0,441.0,89.0,72239.6032407837,0.0
178.0,488.0,89.0,72412.12860123834,2.0
258.0,488.0,89.0,72412.12860123834,0.0
12.0,418.0,89.0,72667.89411885163,2.0
12.0,395.0,89.0,72667.89411885163,0.0
337.0,488.0,89.0,73005.93849463682,2.0
417.0,488.0,89.0,73005.93849463682,0.0
12.0,372.0,89.0,73427.22343384069,2.0
12.0,349.0,89.0,73427.22343384069,0.0
488.0,486.0,89.0,73922.54656069829,2.0
488.0,463.0,89.0,73922.54656069829,0.0
12.0,326.0,89.0,74417.8696875559,2.0
12.0,303.0,89.0,74417.8696875559,0.0
488.0,440.0,89.0,74913.1928144135,2.0
488.0,417.0,89.0,74913.1928144135,0.0
12.0,280.0,89.0,75408.51594127111,2.0
12.0,258.0,89.0,75408.51594127111,0.0
488.0,394.0,89.0,75903.56341374219,2.0
488.0,371.0,89.0,75903.56341374219,0.0
12.0,235.0,89.0,76398.61088621327,2.0
12.0,212.0,89.0,76398.61088621327,0.0
488.0,348.0,89.0,76893.65835868435,2.0
488.0,325.0,89.0,76893.65835868435,0.0
12.0,189.0,89.0,77388.70583115543,2.0
12.0,166.0,89.0,77388.70583115543,0.0
488.0,303.0,89.0,77884.02895801303,2.0
488.0,280.0,89.0,77884.02895801303,0.0
12.0,143.0,89.0,78379.35208487064,2.0
12.0,120.0,89.0,78379.35208487064,0.0
488.0,257.0,89.0,78874.67521172824,2.0
488.0,234.0,89.0,78874.67521172824,0.0
12.0,97.0,89.0,79369.99833858585,2.0
12.0,74.0,89.0,79369.99833858585,0.0
488.0,211.0,89.0,79865.32146544346,2.0
488.0,188.0,89.0,79865.32146544346,0.0
12.0,52.0,89.0,80360.36893791454,2.0
12.0,29.0,89.0,80360.36893791454,0.0
488.0,165.0,89.0,80855.41641038562,2.0
488.0,142.0,89.0,80855.41641038562,0.0
33.0,12.0,89.0,81328.62355318885,2.0
113.0,12.0,89.0,81328.62355318885,0.0
488.0,119.0,89.0,81718.5902184309,2.0
488.0,97.0,89.0,81718.5902184309,0.0
193.0,12.0,89.0,82025.59184709107,2.0
272.0,12.0,89.0,82025.59184709107,0.0
488.0,74.0,89.0,82250.31389763352,2.0
488.0,51.0,89.0,82250.31389763352,0.0
352.0,12.0,89.0,82391.79534518054,2.0
432.0,12.0,89.0,82391.79534518054,0.0
488.0,28.0,89.0,82450.03622429477,1.0
24.0,12.0,97.0,82450.03622429477,0.0
12.0,18.0,97.0,82463.45263215977,2.0
12.0,43.0,97.0,82463.45263215977,0.0
72.0,12.0,97.0,82530.98780817937,2.0
121.0,12.0,97.0,82530.98780817937,0.0
12.0,67.0,97.0,82653.07793882063,2.0
12.0,92.0,97.0,82653.07793882063,0.0
169.0,12.0,97.0,82829.28520314307,2.0
218.0,12.0,97.0,82829.28520314307,0.0
12.0,117.0,97.0,83060.501552046,2.0
12.0,141.0,97.0,83060.501552046,0.0
266.0,12.0,97.0,83345.38222882139,2.0
315.0,12.0,97.0,83345.38222882139,0.0
12.0,166.0,97.0,83685.27191680853,2.0
12.0,191.0,97.0,83685.27191680853,0.0
363.0,12.0,97.0,84079.27953094816,2.0
412.0,12.0,97.0,84079.27953094816,0.0
12.0,216.0,97.0,84528.29623442366,2.0
12.0,240.0,97.0,84528.29623442366,0.0
460.0,12.0,97.0,85030.97704766403,2.0
488.0,22.0,97.0,85030.97704766403,0.0
12.0,265.0,97.0,85565.41600582482,2.0
12.0,290.0,97.0,85565.41600582482,0.0
488.0,47.0,97.0,86099.85496398562,2.0
488.0,72.0,97.0,86099.85496398562,0.0
12.0,314.0,97.0,86633.83998250206,2.0
12.0,339.0,97.0,86633.83998250206,0.0
488.0,96.0,97.0,87168.27894066286,2.0
488.0,121.0,97.0,87168.27894066286,0.0
12.0,364.0,97.0,87702.71789882366,2.0
12.0,388.0,97.0,87702.71789882366,0.0
488.0,146.0,97.0,88236.7029173401,2.0
488.0,170.0,97.0,88236.7029173401,0.0
12.0,413.0,97.0,88771.14187550089,2.0
12.0,438.0,97.0,88771.14187550089,0.0
488.0,195.0,97.0,89305.58083366169,2.0
488.0,220.0,97.0,89305.58083366169,0.0
12.0,462.0,97.0,89839.56585217813,2.0
12.0,487.0,97.0,89839.56585217813,0.0
488.0,244.0,97.0,90374.00481033893,2.0
488.0,269.0,97.0,90374.00481033893,0.0
58.0,488.0,97.0,90856.56154275492,2.0
107.0,488.0,97.0,90856.56154275492,0.0
488.0,294.0,97.0,91284.10920091714,2.0
488.0,318.0,97.0,91284.10920091714,0.0
155.0,488.0,97.0,91657.99287266545,2.0
204.0,488.0,97.0,91657.99287266545,0.0
488.0,343.0,97.0,91976.86745616184,2.0
488.0,368.0,97.0,91976.86745616184,0.0
252.0,488.0,97.0,92241.6239480558,2.0
300.0,488.0,97.0,92241.6239480558,0.0
488.0,393.0,97.0,92452.26345052388,2.0
488.0,417.0,97.0,92452.26345052388,0.0
349.0,488.0,97.0,92608.34676161126,2.0
397.0,488.0,97.0,92608.34676161126,0.0
488.0,442.0,97.0,92710.3124421121,2.0
488.0,467.0,97.0,92710.3124421121,0.0
446.0,488.0,97.0,92757.2698696396,1.0
25.0,12.0,105.0,92757.2698696396,0.0
12.0,48.0,105.0,92795.5451880576,2.0
12.0,112.0,105.0,92795.5451880576,0.0
48.0,12.0,105.0,92901.8278301023,2.0
72.0,12.0,105.0,92901.8278301023,0.0
12.0,177.0,105.0,93077.39832876308,2.0
12.0,241.0,105.0,93077.39832876308,0.0
95.0,12.0,105.0,93320.97583182936,2.0
119.0,12.0,105.0,93320.97583182936,0.0
12.0,305.0,105.0,93632.9021051697,2.0
12.0,370.0,105.0,93632.9021051697,0.0
142.0,12.0,105.0,94013.77478730903,2.0
166.0,12.0,105.0,94013.77478730903,0.0
12.0,434.0,105.0,94462.99633621336,2.0
16.0,488.0,105.0,94462.99633621336,0.0
189.0,12.0,105.0,94969.45956291398,2.0
212.0,12.0,105.0,94969.45956291398,0.0
39.0,488.0,105.0,95475.9227896146,2.0
62.0,488.0,105.0,95475.9227896146,0.0
236.0,12.0,105.0,95982.72847229782,2.0
259.0,12.0,105.0,95982.72847229782,0.0
86.0,488.0,105.0,96489.19169899845,2.0
109.0,488.0,105.0,96489.19169899845,0.0
283.0,12.0,105.0,96995.99738168166,2.0
306.0,12.0,105.0,96995.99738168166,0.0
133.0,488.0,105.0,97502.46060838229,2.0
156.0,488.0,105.0,97502.46060838229,0.0
329.0,12.0,105.0,98008.92383508291,2.0
353.0,12.0,105.0,98008.92383508291,0.0
179.0,488.0,105.0,98515.72951776613,2.0
203.0,488.0,105.0,98515.72951776613,0.0
376.0,12.0,105.0,99022.19274446675,2.0
400.0,12.0,105.0,99022.19274446675,0.0
226.0,488.0,105.0,99528.99842714997,2.0
250.0,488.0,105.0,99528.99842714997,0.0
423.0,12.0,105.0,100035.4616538506,2.0
446.0,12.0,105.0,100035.4616538506,0.0
273.0,488.0,105.0,100541.92488055122,2.0
296.0,488.0,105.0,100541.92488055122,0.0
470.0,12.0,105.0,101048.73056323444,2.0
488.0,26.0,105.0,101048.73056323444,0.0
320.0,488.0,105.0,101540.32795948465,2.0
343.0,488.0,105.0,101540.32795948465,0.0
488.0,90.0,105.0,101963.91856372418,2.0
488.0,154.0,105.0,101963.91856372418,0.0
367.0,488.0,105.0,102319.16073464423,2.0
390.0,488.0,105.0,102319.16073464423,0.0
488.0,219.0,105.0,102605.45603673632,2.0
488.0,283.0,105.0,102605.45603673632,0.0
414.0,488.0,105.0,102823.40327805861,2.0
437.0,488.0,105.0,102823.40327805861,0.0
488.0,347.0,105.0,102973.34326605381,2.0
488.0,412.0,105.0,102973.34326605381,0.0
460.0,488.0,105.0,103054.33709297907,2.0
484.0,488.0,105.0,103054.33709297907,0.0
488.0,476.0,105.0,103066.98620361974,1.0
